96 99 35 100 75
138 144 52 119 108
150 130 50 225 120
107 69 38 74 87
208 188 86 217 160
====================
53 81 54 53 55
77 75 86 35 98
136 161 110 99 162
160 224 142 170 196
143 119 131 32 172
====================
140 42 136 52 154
176 91 115 70 209
80 50 79 44 98
66 14 87 42 72
107 98 112 79 143
====================
120 55 145 137 123
95 36 129 124 87
107 85 100 157 180
48 69 54 134 105
117 37 125 114 98
====================
132 199 87 92 217
166 229 113 85 194
69 208 71 70 181
28 89 32 28 73
47 86 46 28 87
====================
83 145 118 127 44
73 54 56 93 42
91 108 70 141 82
37 192 142 142 91
80 170 138 162 92
====================
47 67 93 71 90
50 157 139 178 64
58 166 113 176 62
26 109 135 123 46
58 70 100 91 105
====================
